name = 'ozone'
mass_option = 'o16'
permutation = 'even'
parity = 'even'
j_total = 10
lr = 80
br = 80
jmax = 100
mass_lr = 14578.471659
mass_br = 9718.981106
length_lr = ( 1.0, 6.0, 2.401 )
length_br = ( 0.0, 6.0, 1.256 )
use_spline = True
energy_units = 'au'
pes_zpe = 0.6612468190E-02
pes_cutoff = 0.1